# Created by Octave 5.2.0, Tue Nov 17 14:24:51 2020 GMT <unknown@LAPTOP-8F5DJTN4>
# name: id
# type: matrix
# rows: 20
# columns: 5
 3 3 3 3 3
 2 3 3 3 3
 2 1 1 3 3
 2 3 1 2 3
 1 2 2 3 1
 1 3 3 1 2
 3 3 1 2 2
 1 2 3 2 1
 1 2 3 3 1
 3 2 3 3 1
 3 2 3 1 1
 3 1 3 1 1
 3 1 2 2 2
 2 3 2 2 2
 3 3 2 1 2
 3 3 1 1 2
 1 1 1 1 1
 2 2 2 2 1
 1 3 2 3 1
 1 3 3 3 1


