# Created by Octave 5.2.0, Tue Nov 24 22:37:25 2020 GMT <unknown@LAPTOP-8F5DJTN4>
# name: listaG
# type: matrix
# rows: 1
# columns: 50
 5 0 0 0 1 2 0 0 0 5 0 0 0 0 1 2 0 0 0 0 0 4 1 1 2 5 5 0 0 0 0 0 0 0 0 0 0 0 0 0 0 0 0 0 0 1 3 2 1 4


# name: listaR
# type: matrix
# rows: 1
# columns: 50
 5 0 0 0 1 1 0 0 0 5 0 0 0 0 1 0 0 0 0 0 0 4 1 2 6 5 1 0 0 0 0 0 0 0 0 0 0 0 0 0 0 0 0 0 0 1 3 2 1 5


